1	-1	-1	-1	-1	-1	-1	-1	-1	-1	-1	-1	-1	-1	-1	-1	-1	-1	-1	-1	-1	sync
5	-1	2	-1	-1	-1	sync	3	4	-1	-1	-1	-1	-1	-1	-1	-1	-1	-1	-1	-1	-1
6	-1	sync	-1	-1	-1	sync	sync	sync	-1	-1	-1	-1	-1	-1	-1	-1	-1	-1	-1	-1	-1
7	8	7	-1	-1	-1	-1	7	7	-1	-1	-1	-1	-1	-1	-1	-1	-1	-1	-1	-1	-1
-1	-1	9	-1	-1	-1	-1	-1	-1	-1	-1	-1	-1	-1	-1	-1	-1	-1	-1	-1	-1	-1
-1	-1	-1	-1	-1	-1	-1	10	-1	-1	-1	-1	-1	-1	-1	-1	-1	-1	-1	-1	-1	-1
-1	-1	-1	-1	-1	-1	-1	-1	11	-1	-1	-1	-1	-1	-1	-1	-1	-1	-1	-1	-1	-1
-1	-1	-1	12	sync	-1	-1	-1	12	-1	-1	-1	-1	-1	-1	-1	-1	-1	-1	-1	12	-1
-1	-1	-1	sync	-1	-1	-1	-1	sync	-1	-1	13	14	15	16	17	-1	-1	-1	-1	sync	-1
-1	-1	-1	18	sync	-1	-1	-1	18	-1	sync	sync	sync	sync	sync	sync	-1	-1	-1	-1	18	-1
-1	-1	-1	-1	21	-1	-1	-1	-1	-1	21	21	21	21	21	21	19	20	-1	-1	-1	-1
-1	-1	-1	22	-1	-1	-1	-1	22	-1	-1	-1	-1	-1	-1	-1	sync	sync	-1	-1	22	-1
-1	-1	-1	-1	25	-1	-1	-1	-1	-1	25	25	25	25	25	25	25	25	23	24	-1	-1
-1	-1	-1	28	-1	-1	-1	-1	26	-1	-1	-1	-1	-1	-1	-1	sync	sync	-1	-1	27	-1
